"ID" "Population" "Meshblock06" "CAU" "WaterZone" "Zone7"
0 126 1872100 1 1 1
1 87 1867600 2 1 1
2 108 1870000 1 1 1
3 117 1866700 2 1 1
4 96 1866802 2 1 1
5 60 1867500 2 1 1
6 36 1856400 3 1 1
7 3 1858600 4 2 1
8 192 1867700 2 1 1
9 3 1870100 1 1 1
10 165 1864100 5 1 1
11 84 1862700 5 1 1
12 45 1860100 6 2 1
13 228 1871102 5 1 1
14 9 2223300 7 2 2
15 156 1861100 8 2 1
16 183 1863400 5 1 1
17 66 1863900 5 1 1
18 21 1860900 8 2 1
19 30 1860004 6 2 1
20 96 1861900 2 1 1
21 21 1863100 5 1 1
22 0 1854602 9 2 1
23 33 1860005 6 2 1
24 198 1863600 5 1 1
25 36 1860800 8 2 1
26 111 1864000 5 1 1
27 183 1858200 10 1 1
28 42 1861000 8 2 1
29 54 1785302 11 3 1
30 48 2222400 7 2 3
31 24 1785301 12 3 1
32 48 1782200 12 3 1
33 75 1785402 12 3 1
34 60 1782000 12 3 1
35 111 1782100 12 3 1
36 60 1782300 12 3 1
37 12 1852900 4 2 1
38 45 1775500 13 2 3
39 9 1776300 13 2 4
40 105 1782903 14 4 1
41 66 2218100 15 5 3
42 39 2223600 16 2 2
43 42 1779800 12 3 1
44 30 1783500 14 4 1
45 21 2217500 15 5 3
46 48 2217300 15 5 3
47 117 2219700 15 5 3
48 6 2217700 15 5 3
49 51 1779600 12 3 1
50 117 1804801 17 6 5
51 36 2220600 7 5 3
52 54 1797600 18 2 5
53 9 1795800 19 2 5
54 51 2220700 7 2 3
55 93 1803300 17 6 5
56 162 1803600 17 6 5
57 141 1797900 18 7 3
58 264 1798504 20 8 3
59 39 1814500 21 2 3
60 297 1803200 22 6 5
61 492 1798506 20 7 3
62 87 1797500 18 8 3
63 84 1803400 17 6 5
64 135 1800505 22 6 5
65 72 2221200 7 2 2
66 81 1804700 17 6 5
67 27 2223400 16 2 2
68 18 2223100 7 2 2
69 240 1814400 21 7 3
70 159 1813700 23 6 6
71 78 1802300 24 6 6
72 129 1802000 24 6 5
73 132 1813000 23 6 3
74 84 1807600 25 6 6
75 117 1851800 26 6 3
76 150 1806700 25 6 6
77 69 1807400 25 6 6
78 249 1851700 26 6 3
79 111 1800600 24 6 5
80 108 1819505 27 6 5
81 126 1783801 28 9 1
82 90 1820200 29 6 5
83 225 1806200 25 6 6
84 234 1807900 25 6 6
85 93 1801400 24 6 6
86 12 1784100 30 9 1
87 201 1806900 25 6 6
88 102 1850500 26 6 3
89 3 1784404 30 9 1
90 30 1847802 26 6 3
91 84 1809600 31 6 6
92 75 1818400 29 6 5
93 135 1829800 32 6 6
94 81 1819800 29 6 6
95 282 1816100 27 6 5
96 144 1848700 26 6 3
97 114 1811700 31 6 3
98 36 1848400 26 6 3
99 156 1848000 26 6 6
100 0 1829200 32 6 6
101 147 1810500 31 6 6
102 114 1849200 26 6 3
103 27 1795700 33 2 5
104 3 1827700 32 6 6
105 123 1849400 26 6 3
106 195 1816400 27 6 5
107 222 1828900 32 6 6
108 102 1817003 27 6 5
109 102 1826200 34 6 6
110 171 1830600 32 6 6
111 132 1822400 34 6 7
112 123 1822800 34 6 7
113 69 1846900 35 6 7
114 99 1815800 29 6 7
115 198 1822900 34 6 7
116 117 1847400 35 6 3
117 69 1846000 35 6 3
118 96 1824400 34 6 6
119 39 1831500 32 6 6
120 171 1846700 35 6 7
121 90 1823800 34 6 7
122 90 1542000 36 10 3
123 117 1835800 37 6 6
124 147 1845300 35 6 3
125 99 1821302 38 6 7
126 0 1844100 39 6 7
127 81 1846400 35 6 7
128 171 1835600 37 6 6
129 123 1823300 34 6 7
130 111 1837401 40 6 7
131 192 1820801 38 6 7
132 96 1832200 41 6 7
133 93 1838600 40 6 7
134 159 1843200 39 6 7
135 282 1837200 40 6 7
136 87 1841000 39 6 7
137 24 1540600 36 10 3
138 207 1844800 39 6 7
139 42 1839816 42 11 7
140 0 1839901 42 11 7
141 129 1831700 41 6 7
142 102 1833400 41 6 7
143 84 1838402 40 6 7
144 123 1842400 39 6 7
145 108 1839103 42 11 7
146 123 1833300 41 6 7
147 72 1840000 39 6 7
148 42 1839814 42 11 3
149 228 1837601 40 6 7
150 174 1837903 40 6 7
151 162 1838302 40 6 7
152 174 1839505 42 11 7
153 162 1837904 40 6 7
154 138 1839515 42 11 7
155 114 1839829 42 11 7
156 102 1839200 42 11 7
157 144 1796700 43 2 4
158 93 1787700 30 2 4
159 18 1757600 44 12 3
160 195 1757500 44 12 3
161 81 1792601 45 11 7
162 18 1758100 44 12 3
163 48 1757400 44 12 3
164 99 1795100 43 2 4
165 27 1542900 46 2 3
166 99 1787600 30 2 4
167 108 1764700 47 13 4
168 153 1758500 48 12 3
169 60 1544500 46 2 3
170 207 1765100 49 13 4
171 129 1528600 50 14 2
172 132 1533700 50 14 2
173 42 1538901 51 2 2
174 78 1789300 30 2 4
175 27 1765500 49 13 4
176 51 1772600 52 13 4
177 6 1543500 46 2 3
178 126 1793600 43 2 4
179 105 1765300 49 13 4
180 72 1528900 50 14 2
181 90 1544400 46 2 3
182 72 1529000 50 14 2
183 138 1787300 30 2 4
184 96 1766500 49 13 4
185 186 1767400 49 13 4
186 36 1532300 50 14 2
187 150 1768000 47 13 4
188 138 1529800 53 14 2
189 81 1771100 54 13 4
190 96 1768500 47 13 4
191 75 1539200 51 2 2
192 111 1532200 50 14 2
193 90 1533100 50 14 2
194 99 1789800 55 15 4
195 111 1530400 53 14 2
196 87 1769202 54 13 4
197 75 1531400 53 14 2
198 102 1761803 56 13 4
199 408 1769102 54 13 4
200 75 1538100 51 2 2
201 69 1790500 30 2 4
202 45 1536700 51 2 2
203 54 1531500 50 14 2
204 51 1789900 30 2 4
205 36 1761300 48 2 4
206 78 1762300 48 16 4
207 36 1534401 51 2 2
208 111 1760700 48 16 4
209 90 1761600 48 13 4
210 48 1537200 51 2 2
211 12 1534700 51 2 2
212 75 1774400 57 2 3
213 21 1536200 51 2 2
214 27 1763202 48 2 4
216 90 1760600 48 2 4
217 108 1534000 51 17 2
224 54 1515800 51 2 2
225 69 1778400 13 2 4
229 12 2229802 58 2 2
230 21 2227900 58 2 2
234 63 1882511 4 2 1
235 33 1773400 57 2 3
236 30 1773200 57 2 3
237 18 2225500 60 18 3
238 54 1777000 13 2 4
239 63 2227600 58 2 3
240 330 1856900 3 1 1
241 12 1859402 4 2 1
242 219 1873005 61 1 1
243 57 1856700 3 1 1
244 267 1873003 61 1 1
245 126 1858700 10 1 1
246 66 2225200 60 18 3
247 33 2228900 58 2 3
248 81 1854400 4 2 1
249 24 2224400 16 19 2
250 0 1855304 6 2 1
251 42 1854200 4 2 1
252 60 2226800 58 2 3
253 0 1855303 6 2 1
254 57 1859903 6 2 1
255 27 1854300 4 2 1
256 117 1855100 4 2 1
257 75 2222300 7 2 3
258 30 2223700 16 2 2
259 45 2224300 16 20 2
260 63 1853700 4 2 1
261 0 1853501 62 2 3
262 0 1785502 11 2 1
263 54 1784403 30 2 1
264 447 1798900 63 28 3
265 69 1805400 17 6 5
266 243 1805500 17 6 5
267 177 1813901 21 21 3
268 75 1813804 21 21 3
269 144 1813802 21 21 3
270 135 1813805 21 28 3
271 189 1805200 17 6 5
272 72 1784402 11 2 1
273 15 1774704 13 2 3
274 132 1808500 25 6 6
275 78 1807800 25 6 6
276 138 1804000 17 6 6
277 78 1799700 24 6 5
278 129 1799900 24 6 5
279 93 1803100 24 6 5
280 18 1808400 25 6 6
281 27 1807700 25 6 6
282 96 1802800 24 6 5
283 120 1808600 25 6 6
284 117 1811300 31 6 6
285 75 1818000 29 6 5
286 138 1830000 32 6 6
287 105 1824800 34 6 6
288 84 1816302 27 6 5
289 120 1848100 26 6 3
290 276 1817101 27 6 5
291 60 1827800 32 6 6
292 48 1816500 27 6 5
293 123 1826300 34 6 6
294 3 1826700 32 6 6
295 6 1831300 32 6 6
296 96 1817200 29 6 7
297 99 1822000 34 6 7
298 90 1794602 33 6 5
299 21 1794601 33 2 5
300 141 1825700 34 6 6
301 54 1542700 46 10 3
302 81 1835400 37 6 6
303 210 1836400 37 6 6
304 45 1793100 64 2 3
305 129 1839902 42 11 7
306 81 1837403 40 6 7
307 0 1837906 40 6 7
308 93 1833900 41 6 7
309 123 1838800 40 6 7
310 144 1840300 39 6 7
311 123 1837402 40 6 7
312 156 1841700 39 6 7
313 15 1841401 39 6 7
315 96 1786000 30 2 4
316 99 1839812 42 11 7
317 126 1839512 42 11 7
318 60 1839102 42 11 7
319 126 1839300 42 11 7
320 147 1839101 42 11 7
321 156 1839401 42 11 7
322 57 1791800 30 9 4
323 75 1543100 46 2 2
324 39 1794500 33 2 5
325 156 1793400 43 22 7
326 60 1757800 44 12 3
327 54 1543800 46 2 3
328 30 1760200 48 2 3
329 195 1758000 64 12 3
330 51 1760100 48 22 3
331 48 1538902 51 2 2
332 36 1759402 64 2 3
333 114 1795300 43 2 4
334 72 1760000 48 2 3
335 39 1544600 46 2 2
336 69 1792301 33 2 7
337 129 1757700 44 12 3
338 42 1794800 43 2 4
339 66 1543600 46 10 3
340 15 1757903 44 12 3
341 51 1788400 30 2 4
342 78 1757901 64 2 3
343 69 1533900 50 14 2
344 153 1766700 49 13 4
345 81 1765201 49 13 4
346 102 1765202 49 13 4
347 126 1529100 50 14 2
348 0 1765900 49 13 4
349 6 1765700 49 13 4
350 48 1544200 46 2 3
351 0 1766200 49 13 4
352 105 1529600 50 14 2
353 207 1767600 49 13 4
354 66 1772000 47 13 4
355 45 1768100 47 13 4
356 114 1768600 47 13 4
357 120 1767701 49 13 4
358 60 1759600 65 13 4
359 69 1538400 51 2 2
360 129 1771200 47 13 4
361 102 1771400 52 13 4
362 87 1771900 47 13 4
363 168 1769600 54 13 4
364 315 1769300 54 13 4
365 57 1761401 48 2 4
366 240 1769400 54 13 4
367 99 1772800 57 2 3
368 153 1530900 53 14 2
369 81 1530600 53 14 2
370 24 1761501 48 2 4
371 132 1531600 50 14 2
372 153 1769203 54 13 4
373 54 1774200 57 2 3
374 42 1537800 51 2 3
375 6 1788700 66 2 4
376 75 1761702 48 2 4
377 225 1531700 50 14 2
378 189 1530500 53 14 2
379 3 1778600 13 2 4
380 9 1773900 57 2 3
381 36 1779200 13 2 3
382 45 1535900 51 2 2
383 15 1515903 51 2 2
384 42 1535800 51 2 2
385 3 1762400 48 2 4
393 12 1778300 13 2 3
394 60 1777800 13 2 3
395 51 1777700 13 2 3
396 27 1534202 51 2 2
397 6 1775800 13 2 3
398 24 2228100 58 2 2
399 9 1882510 4 2 1
400 81 1882100 4 2 1
401 27 1882509 4 2 1
402 24 1882508 4 2 1
403 30 2228000 58 2 2
404 63 1883101 4 2 1
405 36 1773000 57 2 3
406 12 1776500 13 2 4
407 30 1776900 13 2 4
408 282 1859000 10 1 1
409 60 2225700 60 18 3
410 39 2226500 58 18 2
411 3 2224903 16 2 2
412 42 2225900 60 18 3
413 78 2225300 60 18 3
414 72 2227500 58 18 3
415 120 1871400 1 1 1
416 93 1868800 67 1 1
417 177 1867008 2 1 1
418 81 1862305 2 1 1
419 69 1868900 67 1 1
420 114 1862304 2 1 1
421 0 1865400 5 1 1
422 105 1873500 1 1 1
423 87 1868700 67 1 1
424 105 1865200 2 1 1
425 54 1864900 5 1 1
426 129 1867100 67 1 1
427 96 1870700 67 1 1
428 219 1864500 5 1 1
429 72 1868600 67 1 1
430 186 1866100 2 1 1
431 105 1870800 67 1 1
432 108 1867200 67 1 1
433 78 1866000 2 1 1
434 18 1776600 13 2 4
435 75 1855800 9 1 1
436 6 2224102 16 2 2
437 51 1855600 9 1 1
438 84 1857600 4 1 1
439 36 2228800 58 2 2
440 135 1855700 9 1 1
441 21 2224600 16 2 2
442 99 1856103 9 2 1
443 255 1857700 10 1 1
444 60 2223900 16 19 2
445 63 1853900 4 2 1
446 18 2224101 16 2 2
447 57 2221800 7 2 3
448 39 2222700 7 2 2
449 36 1853100 4 2 1
450 0 1853502 62 2 3
451 18 2222600 7 2 2
452 84 1855000 4 2 1
453 45 1798200 18 2 3
454 75 1780300 12 3 1
455 126 2216700 15 5 3
456 105 2218500 15 5 3
457 81 1780900 12 3 1
458 36 2223500 16 2 2
459 57 1527900 51 2 2
460 78 2216802 15 5 3
461 81 1852200 62 2 1
462 63 1852300 62 2 3
463 39 1854700 4 4 1
464 111 1780200 12 3 1
465 117 1798100 18 2 3
466 123 1785001 11 3 1
467 120 2216600 15 5 3
468 57 1852400 68 23 3
469 105 1780800 12 3 1
470 30 2222102 7 2 3
471 93 1782502 14 4 1
472 15 1775400 13 2 3
473 75 1798800 63 21 3
474 9 1798400 63 8 5
475 66 1814201 21 7 3
476 27 1796100 19 24 5
477 144 1814202 21 7 3
478 324 1814300 21 7 3
479 57 1796200 19 24 5
480 39 1784500 30 2 4
481 3 1805602 22 6 5
482 15 1775000 13 2 3
483 132 1800503 22 6 5
484 15 1774802 13 2 3
485 57 1808700 25 6 6
486 132 1802700 24 6 5
487 120 1800200 24 6 5
488 189 1804300 17 6 5
489 129 1800501 22 6 5
490 93 1800000 24 6 5
491 48 1813500 23 6 6
492 15 1794000 22 6 5
493 126 1802600 24 6 5
494 66 1818600 29 6 5
495 27 1851500 26 6 3
496 99 1801600 24 6 6
497 102 1819200 29 6 5
498 114 1808100 25 6 6
499 180 1811900 31 6 3
500 12 1849502 26 6 3
501 162 1819506 27 6 5
502 69 1812901 23 6 3
503 81 1811800 31 6 3
504 168 1809000 25 6 6
505 87 1806500 25 6 6
506 108 1819304 27 6 5
507 72 1849501 26 6 3
508 171 1817001 27 6 5
509 111 1819507 27 6 5
510 51 1784000 28 9 4
511 120 1808300 25 6 6
512 87 1850900 26 6 3
513 105 1786400 30 2 4
514 78 1818200 29 6 5
515 0 1828600 32 6 6
516 72 1818100 29 6 5
517 126 1816800 29 6 5
518 57 1828100 32 6 6
519 270 1817103 27 6 5
520 129 1810400 31 6 6
521 168 1848800 26 6 3
522 3 1829400 32 6 6
523 108 1816600 27 6 5
524 60 1826000 34 6 6
525 138 1836500 37 6 6
526 60 1827200 32 6 6
527 129 1817600 29 6 7
528 147 1815900 27 6 5
529 3 1829600 32 6 6
530 123 1825800 34 6 6
531 99 1827100 32 6 6
532 60 1827300 32 6 6
533 72 1817400 29 6 7
534 90 1842800 39 6 7
535 96 1815400 38 6 7
536 114 1845602 35 6 3
537 108 1821000 38 6 7
538 96 1824000 34 6 7
539 120 1831900 41 6 7
540 132 1541300 36 10 3
541 87 1830400 32 6 7
542 150 1847200 35 6 3
543 66 1843302 39 6 7
544 87 1845001 39 6 7
545 30 1832700 41 6 7
546 111 1542100 36 10 3
547 21 1540900 36 10 3
548 87 1833500 41 6 7
549 96 1823400 34 6 7
550 144 1843600 39 6 7
551 84 1830300 32 6 6
552 153 1830500 32 6 7
553 21 1541000 36 10 3
554 105 1844201 39 6 7
555 0 1834100 41 6 7
556 165 1840500 39 6 7
557 18 1844202 39 6 7
558 99 1540800 36 10 3
559 225 1820600 38 6 7
560 30 1834000 41 6 7
561 6 1820700 38 6 7
562 87 1832900 41 6 7
563 108 1541100 36 10 3
564 36 1758300 44 12 3
565 165 1792100 33 22 7
566 129 1793500 43 2 7
567 78 1787500 30 2 4
568 66 1543700 46 2 3
569 228 1759100 45 22 7
570 81 1758402 44 12 3
571 105 1756201 44 12 3
572 249 1756100 44 12 3
573 42 1766802 49 2 4
574 189 1767200 49 13 4
575 231 1767000 49 13 4
576 183 1766300 49 13 4
577 114 1766900 49 13 4
578 135 1759500 48 27 4
579 99 1529300 50 14 2
580 54 1788902 49 2 4
581 165 1763900 52 13 4
582 42 1789000 66 13 4
583 69 1537901 51 2 3
584 87 1537401 51 14 2
585 21 1762600 69 16 4
586 0 1774600 57 2 3
587 15 1536000 51 2 2
588 15 1762800 48 2 4
589 39 1773700 57 2 3
590 51 1777200 13 25 4
591 15 1777600 13 2 4
592 69 1534102 51 2 3
593 57 1777100 13 25 4
594 0 1882512 59 2 1
596 6 1776800 13 2 4
597 0 1869401 1 1 1
598 0 1865500 5 1 1
599 159 1866300 2 1 1
600 93 1865600 2 1 1
601 225 1866801 2 1 1
602 66 1862306 2 1 1
603 72 1871700 1 1 1
604 60 1871800 1 1 1
605 66 1867003 2 1 1
606 141 1871101 5 1 1
607 51 1858100 10 1 1
608 42 1862403 5 1 1
609 27 2224800 16 2 2
610 78 1871001 5 1 1
611 21 2228301 58 2 2
612 21 1862402 5 1 1
613 27 1862401 5 1 1
614 72 1862500 5 1 1
615 96 1862404 5 1 1
616 66 2223200 7 2 2
617 90 1854901 4 2 1
618 9 1860300 8 2 1
619 66 1781601 12 3 1
620 99 1859601 6 2 1
621 60 1781000 12 3 1
622 60 2222201 15 5 3
623 60 1859500 6 2 1
624 75 2227000 58 2 3
625 141 1780700 12 3 1
626 6 2216801 15 5 3
627 24 1860200 8 2 1
628 60 1859602 6 2 1
629 75 1781400 12 3 1
630 96 1781500 12 3 1
631 3 1854000 4 2 3
632 75 1781300 12 3 1
633 39 1860400 8 2 1
634 138 1860500 8 2 1
635 123 1853202 68 23 3
636 12 1540400 51 2 2
637 54 2217000 15 5 3
638 48 2219100 15 5 3
639 45 2222000 7 5 3
640 78 1853400 62 23 3
641 66 2218800 15 5 3
642 87 1783300 14 4 1
643 69 2216900 15 5 3
644 45 2219300 15 5 3
645 96 1782800 14 4 1
646 120 1797300 20 8 3
647 0 1798502 20 8 5
648 57 2220500 7 2 3
649 129 1798703 21 7 3
650 66 1798704 21 7 3
651 39 1799401 18 7 3
652 147 1798501 20 8 5
653 30 1784700 11 2 1
654 15 1540200 51 2 2
655 81 1801200 24 6 5
656 63 1800504 22 6 5
657 222 1799100 63 28 3
658 72 1800302 24 6 5
659 126 1812800 23 6 3
660 153 1808200 25 6 6
661 78 1803801 17 6 5
662 84 1815000 21 2 3
663 102 1812600 31 6 6
664 0 1784200 30 9 1
665 117 1803900 17 6 5
666 15 1539600 51 2 2
667 87 1806400 25 6 6
668 96 1850800 26 6 3
669 156 1800301 24 6 5
670 126 1819503 27 6 5
671 45 1804400 17 6 5
672 102 1800506 22 6 5
673 189 1813200 23 6 3
674 0 1774702 13 2 3
675 9 1774902 13 2 3
676 42 1776001 13 2 3
677 45 1849600 26 6 3
678 72 1783802 28 9 1
679 192 1810900 31 6 6
680 135 1786200 30 2 4
681 66 1819000 29 6 5
682 168 1812300 31 6 6
683 138 1806000 25 6 6
684 141 1809100 25 6 6
685 57 1818900 29 6 5
686 204 1809200 25 6 6
687 141 1810100 31 6 6
688 87 1825300 34 6 6
689 195 1811500 31 6 6
690 90 1849100 26 6 3
691 168 1848300 26 6 3
692 3 1828700 32 6 6
693 24 1828400 32 6 6
694 84 1826500 34 6 6
695 81 1818300 29 6 5
696 138 1849300 26 6 3
697 105 1823500 34 6 7
698 123 1816000 27 6 5
699 96 1826100 34 6 6
700 21 1835100 37 6 6
701 111 1816200 27 6 7
702 108 1846800 35 6 7
703 108 1542200 36 10 3
704 75 1827500 32 6 6
705 135 1847801 26 6 3
706 93 1835900 37 6 6
707 102 1823100 34 6 7
708 117 1827400 32 6 6
709 102 1822500 34 6 7
710 150 1846600 35 6 7
711 165 1822700 34 6 7
712 39 1831200 32 6 6
713 99 1824100 34 6 6
714 144 1848500 26 6 3
715 90 1829700 32 6 6
716 60 1815500 38 6 5
717 78 1844000 39 6 7
718 9 1541600 36 10 3
719 198 1833800 41 6 7
720 72 1842901 39 6 7
721 69 1542500 46 2 3
722 126 1823600 34 6 7
723 12 1794605 33 6 5
724 30 1541500 36 10 3
725 114 1846200 35 6 7
726 72 1845500 35 6 3
727 57 1542800 46 2 3
728 9 1794604 33 6 5
729 72 1842100 39 6 7
730 90 1831600 41 6 7
731 78 1833100 41 6 7
732 39 1844300 39 6 7
733 138 1840600 39 6 7
734 33 1793202 64 2 3
735 72 1541200 36 10 3
736 0 1845002 39 6 7
737 36 1839808 42 11 7
738 45 1839817 42 11 7
739 54 1839506 42 11 7
740 168 1838002 40 6 7
741 39 1839906 42 11 3
742 42 1543900 46 10 3
743 69 1839824 42 11 7
744 135 1839518 42 11 7
745 24 1839821 42 11 7
746 54 1839806 42 11 7
747 15 1839810 42 11 7
748 225 1837800 40 6 7
749 96 1839815 42 11 7
750 114 1785900 30 2 4
751 99 1839803 42 11 7
752 123 1836900 40 6 7
753 147 1839825 42 11 7
754 186 1839404 42 11 7
755 87 1838500 40 6 7
756 120 1838102 40 6 7
757 63 1759401 45 2 3
758 96 1786700 70 2 4
759 123 1756202 44 12 3
760 219 1756701 44 12 3
761 24 1786600 70 2 4
762 66 1786900 70 2 4
763 12 1791302 71 2 4
764 18 1758401 45 2 3
765 45 1756400 44 12 3
766 84 1787800 30 2 4
767 42 1544300 46 2 3
768 42 1538500 51 2 2
769 108 1788000 30 2 4
770 99 1793800 43 13 4
771 57 1759800 48 2 4
772 108 1536900 51 2 2
773 75 1538600 51 2 2
774 9 1758900 48 2 3
775 63 1788200 30 2 4
776 60 1770400 54 13 4
777 189 1530200 53 14 2
778 60 1539300 51 2 2
779 99 1767500 49 13 4
780 108 1533600 50 14 2
781 78 1531000 53 14 2
782 24 1531100 53 14 2
783 147 1765000 49 13 4
784 3 1528300 50 14 2
785 150 1771302 52 13 4
786 150 1770300 54 13 4
787 225 1766400 49 13 4
788 186 1772500 52 13 4
789 39 1761804 52 13 4
790 195 1771601 52 13 4
791 81 1768900 47 13 4
792 78 1537700 51 14 2
793 66 1772200 47 13 4
794 0 1528400 50 14 2
795 90 1532000 50 14 2
796 45 1538200 51 2 2
797 42 1790200 30 15 4
798 57 1544100 46 2 3
799 84 1790300 30 26 4
800 63 1536400 51 14 2
801 51 1761703 56 2 4
802 99 1761502 56 13 4
803 108 1761402 65 13 4
804 6 1790000 72 26 4
815 123 1762700 69 16 4
816 66 1763000 69 16 4
817 30 1536300 51 2 2
818 24 1760900 69 16 4
819 78 1762902 69 16 4
820 0 1537902 51 2 3
821 21 1535502 51 2 2
822 24 1534500 51 17 2
823 93 1762200 48 2 4
824 48 1762100 48 16 4
826 12 1777400 13 2 4
827 39 1883001 4 2 1
828 81 1882404 4 2 1
829 0 2225002 73 2 2
830 45 1882900 4 2 1
831 114 1868000 67 1 1
832 54 1859200 4 2 1
833 102 1868100 67 1 1
834 12 2226600 58 18 3
835 132 1872400 61 1 1
836 183 1858901 10 1 1
837 27 1872500 61 1 1
838 87 1873900 1 1 1
839 129 1869100 67 1 1
840 9 1874100 1 1 1
841 9 1882001 4 2 1
842 198 1872703 61 1 1
843 18 1773100 57 2 3
844 0 1869700 1 1 1
845 96 1872000 1 1 1
846 75 1866600 2 1 1
847 132 1865900 2 1 1
848 96 1866500 2 1 1
849 54 1869402 1 1 1
850 132 1871900 1 1 1
851 6 1869600 1 1 1
852 33 2227300 58 18 3
853 63 1869800 67 1 1
854 9 1782400 12 3 1
855 78 1781800 12 3 1
856 90 1853300 68 23 3
857 36 2221600 7 2 3
858 24 2222500 7 2 2
859 63 1781900 12 3 1
860 0 1776002 13 2 3
861 15 2221101 15 5 3
862 30 1785002 12 3 1
863 138 1779700 12 3 1
864 66 1779500 12 3 1
865 54 2217200 15 5 3
866 66 1852500 62 2 3
867 141 1783200 14 4 1
868 6 2217400 15 5 3
869 147 1782902 14 4 1
870 15 2217900 15 5 3
871 21 1773500 57 2 3
872 90 1801900 24 6 6
873 57 2220000 7 2 3
874 165 1812700 23 6 3
875 138 1802100 24 6 6
876 63 1796900 43 2 5
877 195 1819504 27 6 5
878 114 1812902 23 6 3
879 123 1800900 24 6 5
880 66 1801300 24 6 6
881 48 1800700 24 6 5
882 150 1812200 31 6 3
883 69 1820300 29 6 5
884 120 1812400 31 6 6
885 174 1850200 26 6 3
886 123 1850300 26 6 3
887 129 1809500 25 6 6
888 147 1819303 27 6 5
889 72 1850400 26 6 3
890 84 1812000 23 6 3
891 21 1784405 30 9 1
892 66 1836200 37 6 6
893 93 1798600 21 2 3
894 195 1847000 35 6 7
895 39 1830800 32 6 6
896 24 1824200 34 6 6
897 75 1815600 38 6 5
898 72 1542300 36 10 3
899 99 1824300 34 6 6
900 81 1835200 37 6 6
901 177 1847500 35 6 3
902 168 1821400 38 6 7
903 78 1541800 36 10 3
904 129 1832100 41 6 7
905 135 1832500 41 6 7
906 222 1835700 37 6 7
907 141 1843000 39 6 7
908 138 1823700 34 6 7
909 138 1821301 38 6 7
910 117 1834700 37 6 7
911 72 1846300 35 6 7
912 174 1841201 39 6 7
913 9 1834300 41 6 7
914 171 1820802 38 6 7
915 96 1837000 40 6 7
916 111 1844900 39 6 7
917 0 1839600 42 11 7
918 0 1839904 42 11 3
919 72 1843400 39 6 7
920 108 1844700 39 6 7
921 171 1837905 40 6 7
922 78 1837100 40 6 7
923 114 1833200 41 6 7
924 0 1820900 38 6 7
925 78 1839818 42 11 7
926 72 1842200 39 6 7
927 51 1844600 39 6 7
928 108 1839405 42 11 7
929 123 1840900 39 6 7
930 78 1843301 39 6 7
931 51 1793000 64 2 3
932 9 1839000 42 11 7
933 24 1543300 46 2 2
934 27 1792800 64 11 3
935 198 1838103 40 6 7
936 18 1840800 39 6 7
937 48 1791600 30 2 4
938 84 1839828 42 11 7
939 171 1839514 42 11 7
940 114 1757100 44 12 3
941 105 1757000 44 12 3
942 39 1544700 46 2 2
943 111 1757200 44 12 3
944 63 1757300 44 12 3
945 126 1757902 45 2 3
946 102 1756600 44 12 3
947 129 1756702 44 12 3
948 168 1756900 44 12 3
949 114 1792201 33 2 7
950 111 1532900 50 14 2
951 72 1538800 51 2 2
952 108 1790900 30 2 4
953 12 1528700 50 14 2
954 57 1788100 30 2 4
955 126 1763500 52 13 4
956 75 1788300 30 2 4
957 60 1789200 30 2 4
958 6 1528800 50 14 2
959 105 1788901 66 2 4
960 9 1789101 30 2 4
961 12 1765400 49 13 4
962 135 1772100 47 13 4
963 90 1793700 43 2 4
964 39 1759900 48 22 3
965 90 1764800 47 13 4
966 84 1759700 48 2 4
967 78 1758600 48 12 3
968 42 1538000 51 2 3
969 144 1768300 47 13 4
970 135 1536800 51 14 2
971 120 1770800 54 13 4
972 171 1789600 55 15 4
973 51 1788800 66 13 4
974 204 1771301 52 13 4
975 114 1770500 54 13 4
976 120 1529900 53 14 2
977 60 1530300 53 14 2
978 81 1758800 48 2 3
979 102 1788500 30 15 4
980 42 1769201 54 13 4
981 30 1761801 54 13 4
982 63 1537600 51 14 2
983 36 1537402 53 14 2
984 171 1531200 53 14 2
985 138 1769101 54 13 4
986 150 1531300 53 14 2
987 111 1760400 48 27 4
988 27 1763201 69 16 4
989 78 1537300 51 2 2
990 90 1763100 69 16 4
991 75 1536100 51 14 2
992 93 1761200 48 2 4
993 63 1535501 51 2 2
994 150 1774300 57 2 3
1002 12 1778100 13 2 3
1003 9 1777500 13 2 4
1004 75 1779100 13 2 4
1013 18 2228501 58 2 2
1014 9 1882405 59 2 1
1015 69 1857400 4 2 1
1016 9 2229702 58 2 2
1017 6 1773300 57 2 3
1018 168 1872705 61 1 1
1019 69 1773600 57 2 3
1020 144 1872900 61 1 1
1021 42 1872800 61 1 1
1022 48 1872701 61 1 1
1023 21 1873200 61 1 1
1024 90 1856800 4 1 1
1025 138 1872706 61 1 1
1026 0 1858500 4 2 1
1027 207 1873001 61 1 1
1028 123 1873004 61 1 1
1029 156 1867800 67 1 1
1030 33 1867005 2 1 1
1031 9 2228400 58 2 2
1032 99 1870300 67 1 1
1033 168 1870200 67 1 1
1034 165 1872200 1 1 1
1035 111 1869900 67 1 1
1036 174 1866900 2 1 1
1037 156 1867006 2 1 1
1038 33 1856106 4 2 1
1039 72 1861500 8 2 1
1040 18 1862900 5 1 1
1041 123 1864300 5 1 1
1042 63 1861800 8 2 1
1043 75 1862307 2 1 1
1044 96 1861700 8 2 1
1045 18 2226900 58 2 3
1046 42 1871004 1 1 1
1047 213 1861200 8 2 1
1048 138 1855301 9 2 1
1049 150 1862000 2 1 1
1050 117 1858000 10 1 1
1051 87 1859902 6 2 1
1052 72 1861400 8 2 1
1053 150 1863700 5 1 1
1054 114 1861600 8 2 1
1055 72 1862100 2 1 1
1056 42 1854100 4 2 1
1057 117 1864200 5 1 1
1058 39 1775700 13 2 3
1059 51 1853600 4 2 3
1060 39 2221701 7 2 3
1061 48 2222900 7 2 2
1062 60 1852800 62 2 1
1063 6 2222800 7 2 2
1064 69 1785501 11 2 1
1065 81 1785600 11 2 1
1066 6 2218000 15 5 3
1067 75 1853203 68 23 3
1068 63 2222101 15 5 3
1069 114 1779900 12 3 1
1070 36 2217600 15 5 3
1071 69 2219800 15 5 3
1072 129 1783100 14 4 1
1073 66 1780100 12 3 1
1074 36 2217800 15 5 3
1075 105 2218401 15 5 3
1076 102 1814900 21 2 3
1077 60 1797800 18 2 3
1078 27 1852000 62 2 3
1079 144 1805300 17 6 5
1080 24 1799600 18 21 3
1081 123 1804902 17 6 5
1082 117 1796500 19 2 5
1083 135 1798000 18 8 3
1084 105 1784900 11 2 1
1085 69 1804901 17 6 5
1086 156 1804802 17 6 5
1087 27 1797700 18 2 3
1088 63 2220202 7 2 3
1089 57 1794100 22 6 5
1090 42 2220300 7 2 3
1091 24 1784800 11 2 1
1092 96 1815100 21 2 3
1093 39 1852100 62 2 5
1094 90 1805000 17 6 5
1095 3 1527302 51 2 2
1096 21 1539800 51 2 2
1097 69 1807500 25 6 6
1098 114 1802200 24 6 6
1099 93 1799800 24 6 5
1100 105 1813300 23 6 3
1101 69 1801100 24 6 5
1102 69 1851900 26 6 3
1103 45 1800800 24 6 5
1104 78 1807300 25 6 6
1105 78 1802900 24 6 5
1106 171 1811000 31 6 6
1107 75 1807000 25 6 6
1108 87 1851400 26 6 3
1109 219 1808000 25 6 6
1110 51 1806800 25 6 6
1111 39 1820100 29 6 5
1112 99 1819308 27 6 5
1113 111 1820500 29 6 5
1114 30 1819305 27 6 5
1115 72 1795900 19 24 5
1116 63 1830100 32 6 6
1117 57 1825400 34 6 6
1118 87 1849900 26 6 3
1119 3 1829300 32 6 6
1120 159 1850000 26 6 3
1121 135 1822300 34 6 6
1122 24 1543200 46 2 2
1123 33 1808800 25 6 6
1124 99 1818500 29 6 5
1125 93 1817700 29 6 5
1126 168 1849000 26 6 3
1127 69 1825000 34 6 6
1128 78 1810601 31 6 6
1129 129 1848600 26 6 3
1130 165 1811200 31 6 6
1131 54 1825500 34 6 6
1132 129 1817900 29 6 5
1133 0 1805700 25 6 6
1134 114 1826400 34 6 6
1135 93 1825100 34 6 6
1136 51 1830900 32 6 6
1137 156 1835500 37 6 6
1138 159 1824500 34 6 6
1139 21 1831000 32 6 6
1140 51 1836300 37 6 6
1141 63 1835300 37 6 6
1142 51 1815700 38 6 5
1143 0 1791900 30 9 4
1144 144 1831400 32 6 6
1145 249 1847600 35 6 3
1146 48 1845200 35 6 3
1147 105 1830200 32 6 7
1148 111 1821303 38 6 7
1149 48 1821600 38 6 7
1150 69 1541900 36 10 3
1151 120 1845700 35 6 3
1152 90 1815300 38 6 5
1153 213 1835000 37 6 7
1154 117 1842700 39 6 7
1155 99 1823900 34 6 7
1156 45 1539100 51 2 2
1157 129 1840200 39 6 7
1158 117 1840100 39 6 7
1159 240 1837300 40 6 7
1160 45 1540500 36 10 3
1161 162 1838700 40 6 7
1162 141 1841500 39 6 7
1163 0 1839905 42 11 3
1164 0 1839903 42 11 3
1165 114 1841300 39 6 7
1166 186 1837901 40 6 7
1167 156 1839510 42 11 7
1168 138 1838201 40 6 7
1169 51 1839809 42 11 7
1170 0 1840700 39 6 7
1171 60 1839830 42 11 7
1172 51 1839516 42 11 7
1173 69 1839813 42 11 7
1174 171 1763600 52 13 4
1175 117 1766600 49 13 4
1176 78 1764900 47 13 4
1177 93 1528500 50 14 2
1178 138 1764500 52 13 4
1179 171 1529200 50 14 2
1180 45 1764600 52 13 4
1181 9 1765600 49 13 4
1182 0 1766000 49 13 4
1183 63 1538700 51 14 2
1184 45 1533000 50 14 2
1185 102 1771800 47 13 4
1186 81 1768400 47 13 4
1187 126 1771500 52 13 4
1188 180 1768700 47 13 4
1189 51 1532400 50 14 2
1190 174 1758700 48 12 3
1191 117 1771700 47 13 4
1192 138 1530000 53 14 2
1193 21 1771602 52 13 4
1194 45 1774100 57 2 3
1195 39 1535400 51 2 2
1196 30 1534800 51 17 2
1200 36 1778200 13 2 3
1201 54 1534300 51 17 2
1202 3 1882002 4 2 1
1203 33 1882505 4 2 1
1204 3 2224904 73 2 2
1205 51 1859300 4 2 1
1206 6 1882506 4 2 1
1207 18 1882507 4 2 1
1208 15 1776700 13 2 4
1209 33 2224702 58 2 2
1210 42 2225600 60 18 3
1211 6 2228302 58 2 2
1212 258 1858800 10 1 1
1213 105 1858902 10 1 1
1214 36 1857200 4 2 1
1215 24 2225001 16 2 2
1216 198 1871200 1 1 1
1217 69 1870400 67 1 1
1218 93 1873400 1 1 1
1219 171 1865100 2 1 1
1220 9 2227800 58 2 2
1221 135 1864400 5 1 1
1222 90 1863800 5 1 1
1223 78 1870500 67 1 1
1224 15 1867007 2 1 1
1225 81 1862308 2 1 1
1226 36 1863000 2 1 1
1227 120 1868500 67 1 1
1228 141 1870600 1 1 1
1229 120 1862200 2 1 1
1230 177 1864600 5 1 1
1231 63 1873300 1 1 1
1232 96 1873700 1 1 1
1233 99 1862303 2 1 1
1234 135 1864800 5 1 1
1235 75 1867900 67 1 1
1236 126 1855200 4 1 1
1237 99 1855400 9 2 1
1238 39 2226100 58 2 3
1239 231 1858300 4 2 1
1240 30 2224500 16 19 2
1241 33 1857500 4 2 1
1242 18 2226700 58 2 3
1243 6 1854902 4 2 1
1244 63 2227100 58 2 3
1245 48 1855500 9 2 1
1246 39 1785700 11 2 1
1247 63 2227700 58 2 3
1248 69 1853800 4 2 1
1249 6 2221702 7 2 3
1250 27 1854800 4 2 1
1251 9 1853000 4 2 1
1252 18 2223800 16 2 2
1253 57 2223000 7 2 2
1254 33 2224200 16 20 2
1255 81 1854601 4 2 1
1256 30 1527802 51 2 2
1257 0 1785200 11 3 1
1258 129 1783002 14 4 1
1259 45 1852600 62 2 1
1260 57 2221000 7 2 2
1261 84 2221500 7 2 3
1262 93 1780000 12 3 1
1263 141 1783001 14 4 1
1264 3 2220900 7 2 3
1265 123 1782501 14 4 1
1266 48 1780400 12 3 1
1267 54 2218300 15 5 3
1268 18 2220800 7 2 2
1269 30 1540300 51 2 2
1270 18 2218200 15 5 3
1271 96 2218402 15 5 3
1272 63 2221102 7 5 3
1273 18 1798300 18 2 3
1274 99 1780500 12 3 1
1275 33 1775200 13 2 3
1276 24 1776100 13 2 3
1277 93 1813803 21 28 3
1278 51 1799402 18 2 3
1279 288 1805601 22 6 5
1280 99 1796400 19 24 5
1281 30 1797000 43 2 5
1282 132 1796300 19 24 5
1283 102 1805100 17 6 5
1284 72 1814100 21 21 3
1285 0 1814800 21 7 3
1286 186 1813902 21 21 3
1287 141 1813400 23 6 3
1288 132 1804100 17 6 5
1289 201 1804200 17 6 5
1290 36 1802500 24 6 5
1291 105 1800502 22 6 5
1292 75 1803000 24 6 5
1293 147 1815200 21 2 3
1294 54 1813600 23 6 6
1295 87 1802400 24 6 5
1296 108 1800100 24 6 5
1297 144 1819100 29 6 5
1298 78 1794200 27 6 5
1299 168 1806600 25 6 6
1300 192 1810700 31 6 6
1301 177 1813100 23 6 3
1302 126 1849800 26 6 3
1303 105 1810602 31 6 6
1304 96 1801700 24 6 6
1305 78 1820400 29 6 5
1306 93 1818700 29 6 5
1307 75 1819900 29 6 6
1308 72 1850700 26 6 3
1309 141 1850600 26 6 3
1310 78 1818800 29 6 5
1311 159 1817002 27 6 5
1312 75 1819400 29 6 5
1313 114 1801500 24 6 6
1314 138 1829000 32 6 6
1315 87 1809900 31 6 6
1316 135 1812500 31 6 3
1317 9 1829500 32 6 6
1318 84 1848200 26 6 3
1319 105 1848900 26 6 3
1320 78 1829900 32 6 6
1321 99 1824700 34 6 6
1322 57 1828000 32 6 6
1323 39 1816700 27 6 5
1324 0 1827900 32 6 6
1325 150 1811400 31 6 6
1326 114 1824600 34 6 6
1327 120 1825900 34 6 6
1328 6 1831100 32 6 6
1329 51 1826900 32 6 6
1330 60 1786100 30 2 4
1331 135 1847700 26 6 3
1332 78 1822102 34 6 7
1333 102 1826800 32 6 6
1334 36 1821900 34 6 7
1335 36 1827000 32 6 6
1336 72 1817300 29 6 7
1337 108 1832600 41 6 7
1338 6 1832800 41 6 7
1339 72 1821500 38 6 7
1340 0 1821700 38 6 7
1341 90 1846100 35 6 3
1342 243 1799300 18 2 3
1343 120 1842500 39 6 7
1344 72 1847100 35 6 3
1345 33 1795600 33 2 5
1346 105 1832300 41 6 7
1347 78 1843901 39 6 7
1348 24 1845601 35 6 3
1349 102 1845800 35 6 3
1350 204 1834400 41 6 7
1351 135 1831800 41 6 7
1352 132 1823200 34 6 7
1353 84 1834900 37 6 6
1354 33 1843902 39 6 7
1355 63 1843800 39 6 7
1356 33 1845603 35 6 3
1357 3 1841600 39 11 7
1358 36 1838900 40 6 7
1359 57 1791700 30 2 4
1360 228 1793201 42 11 7
1361 204 1840400 39 6 7
1362 162 1841800 39 6 7
1363 135 1841402 39 6 7
1364 0 1837404 40 6 7
1365 171 1841900 39 6 7
1366 207 1540700 36 10 3
1368 36 1837603 40 6 7
1369 153 1836800 40 6 7
1370 69 1839820 42 11 7
1371 111 1839511 42 11 7
1372 66 1839831 42 11 7
1373 177 1838202 40 6 7
1374 72 1839819 42 11 7
1375 111 1838301 40 6 7
1376 18 1841202 39 11 7
1377 105 1837700 40 6 7
1378 168 1795200 43 2 4
1379 42 1799200 18 2 3
1380 120 1795000 43 2 4
1381 66 1794301 33 6 7
1382 15 1759200 45 22 3
1383 84 1791501 30 2 4
1384 105 1759000 18 2 3
1385 21 1792202 40 11 7
1386 36 1794900 43 2 4
1387 27 1792302 40 2 7
1388 90 1795400 43 2 7
1389 48 1791000 30 2 4
1390 66 1787400 30 2 4
1391 126 1792500 64 11 7
1392 57 1539400 51 2 2
1393 36 1792602 42 11 7
1394 66 1792900 64 2 3
1395 180 1764400 52 13 4
1396 90 1529400 50 14 2
1397 48 1766801 49 2 4
1398 30 1760300 48 2 3
1399 84 1763800 52 13 4
1400 3 1765800 49 13 4
1401 84 1533800 50 14 2
1402 75 1766100 49 13 4
1403 105 1763700 52 13 4
1404 147 1768800 47 13 4
1405 99 1533500 50 14 2
1406 78 1533300 50 14 2
1407 102 1767702 49 13 4
1408 177 1769000 47 13 4
1409 165 1772400 47 13 4
1410 78 1533200 50 14 2
1411 96 1532600 50 14 2
1412 144 1530100 53 14 2
1413 30 1539501 51 2 2
1414 108 1530800 53 14 2
1415 93 1531800 50 14 2
1416 225 1770200 54 13 4
1417 180 1788600 30 2 4
1418 138 1771303 52 13 4
1419 0 1769503 54 13 4
1420 57 1790400 30 15 4
1421 114 1769502 54 13 4
1422 129 1769501 54 13 4
1423 90 1530700 53 14 2
1424 24 1536500 51 2 2
1425 225 1767300 49 13 4
1426 54 1535300 51 2 2
1427 15 1762500 48 16 4
1428 45 1778900 13 2 3
1429 57 1778700 13 2 4
1430 12 1535200 51 2 2
1431 36 1535100 51 2 2
1432 27 1760800 48 2 4
1447 48 1779000 13 2 4
1448 57 1778500 13 2 4
1449 9 1534402 51 2 2
1450 54 1761900 48 2 4
1451 84 1882200 4 2 1
1452 174 1882300 4 2 1
1453 63 2226000 60 18 3
1454 81 1859401 4 2 1
1455 15 1857300 4 2 1
1456 48 1857000 4 1 1
1457 33 2225800 60 18 3
1458 57 2225400 60 18 2
1459 105 1857100 4 2 1
1460 30 1859100 4 1 1
1461 216 1865300 2 1 1
1462 78 1856200 3 1 1
1463 36 2227400 58 2 3
1464 78 1871600 1 1 1
1465 6 1858401 4 2 1
1466 96 1871500 1 1 1
1467 159 1864700 5 1 1
1468 234 1871300 1 1 1
1469 21 1865000 5 1 1
1470 96 1866200 2 1 1
1471 15 1776400 13 2 4
1472 24 1856000 9 1 1
1473 45 1857800 4 2 1
1474 60 1856104 9 1 1
1475 42 2225100 16 2 2
1476 27 2224701 16 2 2
1477 33 1855900 9 1 1
1478 48 2227200 58 2 3
1479 3 1854500 4 2 3
1480 57 1856105 4 1 1
1481 45 2226200 58 2 2
1482 0 1775600 13 2 3
1483 96 2218700 15 5 3
1484 60 1782503 14 4 1
1485 111 1783400 14 4 1
1486 30 1779402 12 3 1
1487 201 1782600 14 4 1
1488 57 2221900 7 5 3
1489 48 1785100 11 2 1
1490 144 2218600 15 5 3
1491 129 2219400 15 5 3
1492 114 2218900 15 5 3
1493 213 1798701 21 7 3
1494 18 2220400 7 2 3
1495 90 1797100 43 2 5
1496 15 1799000 63 7 3
1497 180 1798702 21 7 3
1498 42 1539700 51 2 2
1499 0 1814700 21 7 3
1500 156 1814600 21 7 3
1501 384 1799500 18 21 3
1502 78 2221300 7 2 3
1503 0 1775900 13 2 3
1504 162 1808900 25 6 6
1505 123 1810800 31 6 6
1506 174 1819301 27 6 5
1507 51 1850100 26 6 3
1508 48 1809700 31 6 6
1509 0 1783600 28 9 4
1510 150 1820000 29 6 6
1511 114 1805800 25 6 6
1512 156 1849700 26 6 3
1513 54 1783700 28 9 4
1514 27 1828300 32 6 6
1515 132 1811600 31 6 6
1516 60 1796800 43 2 4
1517 105 1794700 27 6 5
1518 3 1828200 32 6 6
1519 108 1810300 31 6 6
1520 90 1819600 29 6 5
1521 99 1826600 34 6 6
1522 246 1817102 27 6 5
1523 168 1810200 31 6 6
1524 165 1843500 39 6 7
1525 69 1833700 41 6 7
1526 87 1833600 41 6 7
1527 114 1832000 41 6 7
1528 114 1834500 37 6 7
1529 33 1542600 46 10 3
1530 150 1821100 38 6 7
1531 0 1845100 39 6 7
1532 24 1541400 36 10 3
1533 57 1845400 35 6 3
1534 93 1833000 41 6 7
1535 36 1543000 46 2 2
1536 63 1842000 39 6 7
1537 99 1844400 39 6 7
1538 0 1839701 42 11 7
1539 18 1839702 42 11 7
1540 36 1844500 39 6 7
1541 9 1834200 41 6 7
1542 93 1842300 39 6 7
1543 0 1838001 40 6 7
1544 21 1839403 42 11 7
1545 129 1839513 42 11 7
1546 57 2219900 7 2 3
1547 72 1837604 40 6 7
1548 54 1792700 64 11 3
1549 12 1794302 40 6 7
1550 12 1539900 51 2 2
1551 0 1839823 42 11 7
1552 87 1795500 43 2 5
1553 57 1544000 46 10 3
1554 93 1838401 40 6 7
1555 177 1839517 42 11 7
1556 126 1796600 43 2 4
1557 90 1785800 30 2 4
1558 96 1841100 39 6 7
1559 105 1794400 33 6 7
1560 135 1839802 42 11 7
1561 0 1839822 42 11 7
1562 33 1786500 70 2 4
1563 150 1786800 70 2 4
1564 51 1791200 71 2 4
1565 156 1792400 45 22 7
1566 48 1791100 71 2 4
1567 9 1759300 45 22 7
1568 15 1758200 44 12 3
1569 9 1791503 71 2 4
1570 30 1756300 44 12 3
1571 63 1790800 30 2 4
1572 105 1764300 52 13 4
1573 114 1764100 52 13 4
1574 30 1538300 51 2 2
1575 138 1767101 49 13 4
1576 60 1789102 66 13 4
1577 12 1529500 50 14 2
1578 150 1764000 52 13 4
1579 156 1767102 49 13 4
1580 57 1764200 52 13 4
1581 186 1770000 54 13 4
1582 0 1528200 50 14 2
1583 27 1533400 50 14 2
1584 126 1789500 55 15 4
1585 132 1772300 47 13 4
1586 117 1769900 54 13 4
1587 81 1760500 48 27 4
1588 117 1763300 52 13 4
1589 42 1532700 50 14 2
1590 216 1529700 53 14 2
1591 81 1769700 54 13 4
1592 30 1528100 50 14 2
1593 96 1763400 52 13 4
1594 45 1531900 50 14 2
1595 243 1769800 54 13 4
1596 75 1787900 30 15 4
1597 120 1767800 49 13 4
1598 84 1770102 54 13 4
1599 39 1770101 54 13 4
1600 102 1532800 50 14 2
1601 33 1790100 30 2 4
1615 51 1761100 48 2 4
1616 141 1774500 57 2 3
1617 30 1778800 13 2 3
1618 63 1535600 51 2 2
1619 75 1535000 51 2 2
1620 75 1761000 48 16 4
1621 33 1537100 51 2 3
1622 24 1762901 48 2 4
1623 72 1534900 51 2 2
1624 21 1773800 57 2 3
1625 57 1777900 13 2 3
1626 63 1534600 51 17 2
1627 33 1535700 51 2 2
1628 30 1537000 51 2 3
1629 39 1774000 57 2 3
1630 27 2229001 58 2 3
1631 36 1882403 4 2 1
1632 63 1872300 61 1 1
1633 75 1867400 67 1 1
1634 171 1874000 1 1 1
1635 327 1867300 67 1 1
1636 102 1869000 67 1 1
1637 78 1873800 1 1 1
1638 45 2228200 58 2 2
1639 48 1873600 1 1 1
1640 12 2228700 58 2 2
1641 6 2224905 58 2 2
1642 57 1870900 67 1 1
1643 111 1869200 67 1 1
1644 72 1772700 57 2 3
1645 66 1858402 4 1 1
1646 105 1856300 3 1 1
1647 0 1869500 1 1 1
1648 186 1867004 2 1 1
1649 78 1866400 2 1 1
1650 69 1865700 2 1 1
1651 66 1865800 2 1 1
1652 66 1863300 5 1 1
1653 12 2226400 58 18 3
1654 141 1863500 5 1 1
1655 159 1862600 5 1 1
1656 108 1871003 1 1 1
1657 84 1863200 5 1 1
1658 24 1857900 4 2 1
1659 141 1862800 2 1 1
1660 27 2226300 58 2 2
1661 156 1785401 11 3 1
1662 21 1860002 6 2 1
1663 39 2224000 16 19 2
1664 90 1781602 12 3 1
1665 18 1860001 6 2 1
1666 171 1853201 68 23 3
1667 93 1781200 12 3 1
1668 18 1860003 6 2 1
1669 0 1859800 6 2 1
1670 111 1781100 12 3 1
1671 48 2222202 7 5 3
1672 123 1860600 8 2 1
1673 0 1859700 6 2 1
1674 60 1852700 62 2 1
1675 90 1780600 12 3 1
1676 57 1859901 6 2 1
1677 135 1861300 8 2 1
1678 54 1781700 12 3 1
1679 18 1860700 8 2 1
1680 90 1779401 12 3 1
1681 60 1782700 14 4 1
1682 30 2219200 15 5 3
1683 18 2219000 15 5 3
1684 84 1782901 14 4 1
1685 51 2219600 15 5 3
1686 81 2217100 15 5 3
1687 84 2219500 15 5 3
1688 210 2216500 15 5 3
1689 6 1776200 13 2 3
1690 42 1775300 13 2 3
1691 87 1784600 30 2 4
1692 42 1797400 18 8 3
1693 54 1797200 43 2 5
1694 18 1540100 51 2 2
1695 285 1798505 20 8 5
1696 21 2221400 7 2 2
1697 480 1798503 20 8 5
1698 51 2220100 7 2 3
1699 0 1543400 46 2 2
1700 78 1784300 11 4 1
1701 159 1801000 24 6 5
1702 111 1803700 17 6 5
1703 57 1803802 17 6 5
1704 87 1807100 25 6 6
1705 99 1786300 30 2 4
1706 39 1811100 31 6 6
1707 138 1796000 19 24 5
1708 12 2220201 7 2 3
1709 126 1800400 24 6 5
1710 57 1801800 24 6 6
1711 108 1851000 26 6 3
1712 198 1814000 21 21 3
1713 195 1804500 17 6 5
1714 150 1806300 25 6 6
1715 174 1851602 26 6 3
1716 126 1803500 17 6 5
1717 120 1804600 17 6 5
1718 78 1807200 25 6 6
1719 36 1851601 26 6 3
1720 81 1793900 22 6 5
1721 12 1775101 13 2 3
1722 0 1775102 13 2 3
1723 51 1819307 27 6 5
1724 165 1809300 25 6 6
1725 210 1819306 27 6 5
1726 183 1806100 25 6 6
1727 96 1812100 31 6 3
1728 90 1809400 25 6 6
1729 138 1783900 28 9 1
1730 177 1805900 25 6 6
1731 66 1851300 26 6 3
1732 102 1851200 26 6 3
1733 123 1828800 32 6 6
1734 174 1809800 31 6 6
1735 144 1825200 34 6 6
1736 30 1825600 34 6 6
1737 9 1828500 32 6 6
1738 156 1810000 31 6 6
1739 198 1816900 29 6 5
1740 90 1819700 29 6 5
1741 84 1824900 34 6 6
1742 69 1851100 26 6 3
1743 45 1822101 34 6 7
1744 78 1827600 32 6 6
1745 267 1836700 37 6 6
1746 153 1830700 32 6 7
1747 138 1816301 27 6 5
1748 111 1847300 35 6 3
1749 81 1823000 34 6 7
1750 204 1822200 34 6 7
1751 60 1817800 29 6 7
1752 30 1542400 36 10 3
1753 81 1845900 35 6 3
1754 84 1817500 29 6 7
1755 102 1836600 37 6 6
1756 189 1846500 35 6 7
1757 42 1836000 37 6 6
1758 78 1829100 32 6 6
1759 87 1847900 26 6 3
1760 147 1821800 34 6 7
1761 42 1836100 37 6 6
1762 84 1822600 34 6 6
1763 87 1843100 39 6 7
1764 21 1842902 39 6 7
1765 84 1832400 41 6 7
1766 63 1842600 39 6 7
1767 183 1821200 38 6 7
1768 63 1843700 39 6 7
1769 222 1834800 37 6 7
1770 15 1794603 33 6 5
1771 48 1541700 36 10 3
1772 96 1834600 37 6 7
1773 30 1839811 42 11 3
1774 168 1839503 42 11 7
1775 303 1837502 40 6 7
1776 60 1793300 64 2 3
1777 105 1839826 42 11 7
1778 3 1838303 40 6 7
1779 168 1838101 40 6 7
1780 237 1837501 40 6 7
1781 72 1839827 42 11 7
1782 48 1838104 40 6 7
1783 81 1787100 70 2 4
1784 54 1791502 71 2 4
1785 105 1756203 44 12 3
1786 0 1791301 71 2 4
1787 78 1787200 70 2 4
1788 144 1756500 44 12 3
1789 60 1791400 71 2 4
1790 102 1756800 44 12 3
1791 51 1787000 70 2 4
1792 42 1539000 51 2 2
1793 105 1770900 54 13 4
1794 183 1768200 47 13 4
1795 21 1789400 66 13 4
1796 111 1532500 50 14 2
1797 102 1770700 54 13 4
1798 102 1767900 47 13 4
1799 93 1770600 54 13 4
1800 99 1789700 55 15 4
1801 111 1532100 50 14 2
1802 78 1771000 54 13 4
1803 177 1761802 56 13 4
1804 84 1761704 56 13 4
1805 12 1790700 72 26 4
1806 207 1790600 72 26 4
1807 117 1537500 51 14 2
1808 108 1772900 57 2 3
1809 66 1536600 51 2 2
1819 6 1779300 13 2 3
1820 129 1778000 13 2 3
1821 3 1777300 13 2 4
1822 36 1762000 48 16 4
1825 0 1873100 61 1 1
1826 51 1856500 3 1 1
1827 54 1872601 61 1 1
1828 63 1856600 3 1 1
1829 138 1868300 67 1 1
1830 117 1868200 67 1 1
1831 96 1869300 67 1 1
1832 105 1872602 61 1 1
1833 168 1868400 67 1 1
